%YAML:1.0
time: "Thu Jun 01 19:50:59 2017\n" 
param_k: 2.8119
param_b: 16.4488
